13

59
1 1 1 1 1 1 1 1 1 1 1 1 1 1 1 1 1 1 1 1 1 1 1 1 1 1 1 1 1 1 1 1 1 1 1 1 1 1 1 1 1 1 1 1 1 1 1 1 1 1 1 1 1 1 1 1 1 1 1

737
1 1 1 1 1 1 1 1 1 1 1 1 1 1 1 1 1 1 1 1 1 1 1 1 1 1 1 1 1 1 1 1 1 1 1 1 1 1 1 1 1 1 1 1 1 1 1 1 1 1 1 1 1 1 1 1 1 1 1 1 1 1 1 1 1 1 1 1 1 1 1 1 1 1 1 1 1 1 1 1 1 1 1 1 1 1 1 1 1 1 1 1 1 1 1 1 1 1 1 1 1 1 1 1 1 1 1 1 1 1 1 1 1 1 1 1 1 1 1 1 1 1 1 1 1 1 1 1 1 1 1 1 1 1 1 1 1 1 1 1 1 1 1 1 1 1 1 1 1 1 1 1 1 1 1 1 1 1 1 1 1 1 1 1 1 1 1 1 1 1 1 1 1 1 1 1 1 1 1 1 1 1 1 1 1 1 1 1 1 1 1 1 1 1 1 1 1 1 1 1 1 1 1 1 1 1 1 1 1 1 1 1 1 1 1 1 1 1 1 1 1 1 1 1 1 1 1 1 1 1 1 1 1 1 1 1 1 1 1 1 1 1 1 1 1 1 1 1 1 1 1 1 1 1 1 1 1 1 1 1 1 1 1 1 1 1 1 1 1 1 1 1 1 1 1 1 1 1 1 1 1 1 1 1 1 1 1 1 1 1 1 1 1 1 1 1 1 1 1 1 1 1 1 1 1 1 1 1 1 1 1 1 1 1 1 1 1 1 1 1 1 1 1 1 1 1 1 1 1 1 1 1 1 1 1 1 1 1 1 1 1 1 1 1 1 1 1 1 1 1 1 1 1 1 1 1 1 1 1 1 1 1 1 1 1 1 1 1 1 1 1 1 1 1 1 1 1 1 1 1 1 1 1 1 1 1 1 1 1 1 1 1 1 1 1 1 1 1 1 1 1 1 1 1 1 1 1 1 1 1 1 1 1 1 1 1 1 1 1 1 1 1 1 1 1 1 1 1 1 1 1 1 1 1 1 1 1 1 1 1 1 1 1 1 1 1 1 1 1 1 1 1 1 1 1 1 1 1 1 1 1 1 1 1 1 1 1 1 1 1 1 1 1 1 1 1 1 1 1 1 1 1 1 1 1 1 1 1 1 1 1 1 1 1 1 1 1 1 1 1 1 1 1 1 1 1 1 1 1 1 1 1 1 1 1 1 1 1 1 1 1 1 1 1 1 1 1 1 1 1 1 1 1 1 1 1 1 1 1 1 1 1 1 1 1 1 1 1 1 1 1 1 1 1 1 1 1 1 1 1 1 1 1 1 1 1 1 1 1 1 1 1 1 1 1 1 1 1 1 1 1 1 1 1 1 1 1 1 1 1 1 1 1 1 1 1 1 1 1 1 1 1 1 1 1 1 1 1 1 1 1 1 1 1 1 1 1 1 1 1 1 1 1 1 1 1 1 1 1 1 1 1 1 1 1 1 1 1 1 1 1 1 1 1 1 1 1 1 1 1 1 1 1 1 1 1 1 1 1 1 1 1 1 1 1 1 1 1 1 1 1 1 1 1 1 1 1 1 1 1 1 1 1 1 1 1 1 1 1 1 1 1 1 1 1 1 1 1 1 1 1 1 1 1 1 1 1 1 1 1 1 1 1 1 1 1 1 1 1 1 1 1 1 1 1 1 1 1 1 1 1 1 1 1 1 1 1

86
0 0 0 0 0 0 0 0 0 0 0 0 0 0 0 0 0 0 0 0 0 0 0 0 0 0 0 0 0 0 0 0 0 0 0 0 0 0 0 0 0 0 0 0 0 0 0 0 0 0 0 0 0 0 0 85 0 0 0 0 1 0 0 0 0 0 0 0 0 0 0 0 0 0 0 0 0 0 0 0 0 0 0 0 0 0

174
0 0 0 0 0 0 0 0 0 0 0 0 0 0 173 0 0 0 0 0 0 0 0 0 0 0 0 0 0 0 0 0 0 0 0 0 0 0 0 0 0 0 0 0 0 0 0 0 0 0 0 0 0 0 0 0 0 0 0 0 0 0 0 0 0 0 0 0 0 0 0 0 0 0 0 0 0 0 0 0 0 0 0 0 0 0 0 0 0 0 0 0 0 0 0 0 0 0 0 0 0 0 0 0 0 0 0 0 0 0 0 0 0 0 0 0 0 0 0 0 0 0 0 0 0 0 0 0 0 0 0 0 0 0 0 0 0 0 0 0 0 0 0 0 0 0 0 1 0 0 0 0 0 0 0 0 0 0 0 0 0 0 0 0 0 0 0 0 0 0 0 0 0 0

2
1 1

3
0 2 1

77
2 0 0 1 0 1 0 4 3 1 0 0 2 1 1 2 1 1 0 2 3 0 1 1 2 0 1 0 1 1 0 2 0 1 2 3 0 1 0 1 1 1 0 3 4 0 1 1 0 1 2 1 0 0 0 3 1 1 0 2 0 2 0 1 2 2 0 0 0 0 0 1 2 2 0 1 0

9
2 2 0 2 0 1 1 0 1

776
2 3 1 1 3 1 0 1 0 1 3 1 0 0 2 0 0 2 0 0 1 0 0 0 1 2 0 0 0 2 1 0 2 0 2 1 3 1 1 0 2 1 1 2 1 1 0 3 0 2 1 0 2 0 0 1 0 1 0 0 1 0 1 2 1 2 0 0 2 0 0 2 0 2 0 1 0 1 2 6 1 0 0 0 0 1 2 1 0 1 1 1 0 1 0 1 1 0 1 0 2 0 2 0 0 0 1 0 0 1 4 2 1 2 0 1 1 2 0 1 0 2 0 1 0 0 2 4 2 1 2 1 3 0 2 0 0 1 1 0 1 0 1 0 0 1 3 1 0 1 0 0 0 1 1 1 0 0 1 3 1 0 1 2 0 1 2 1 2 1 0 0 0 0 1 0 1 2 2 2 3 0 1 4 1 2 0 1 2 2 0 0 2 0 1 1 0 1 0 2 1 2 0 0 0 0 0 1 3 1 3 0 4 1 0 0 0 1 1 1 0 0 2 1 5 2 1 0 1 0 0 0 1 0 2 1 0 0 0 1 4 2 0 1 1 1 0 1 2 2 1 0 1 0 1 0 1 3 1 0 2 1 1 0 0 0 1 1 2 3 1 2 0 1 5 0 3 1 1 2 1 5 1 6 0 2 0 2 0 2 0 2 1 0 0 1 1 2 1 0 0 2 0 1 0 1 0 0 0 1 1 1 0 0 0 1 1 1 3 2 0 0 0 1 2 1 1 0 1 0 0 1 0 2 1 0 1 2 0 1 2 1 0 2 1 2 1 1 0 0 0 1 3 2 1 2 0 1 1 1 1 2 1 1 1 0 1 1 2 0 3 1 1 1 1 2 2 0 2 0 1 0 0 2 0 2 1 2 3 1 1 0 2 0 1 2 1 2 2 1 1 0 1 0 2 2 1 2 2 1 0 2 1 2 0 0 1 0 1 2 1 0 1 0 1 1 1 1 1 0 0 1 0 0 0 1 2 0 0 3 1 1 1 0 1 2 1 0 0 1 1 2 0 1 0 2 1 2 0 2 0 2 1 0 2 2 1 0 0 0 0 1 0 1 1 0 1 2 2 0 0 0 3 1 0 2 1 0 1 0 2 2 2 0 1 0 0 1 0 1 0 1 0 0 0 1 0 1 1 3 0 0 0 2 1 0 0 2 2 1 0 2 2 2 0 4 1 1 0 0 0 2 1 5 0 1 0 1 3 4 1 0 1 2 0 0 1 2 0 1 3 2 0 2 1 1 0 2 0 0 0 1 2 1 3 3 1 1 2 3 2 1 0 1 2 0 0 1 2 0 0 3 0 0 1 2 2 2 1 0 0 0 0 0 1 1 0 1 2 0 2 0 1 1 3 0 1 3 2 1 0 1 2 2 1 0 1 1 2 1 3 0 2 1 2 0 0 1 0 0 0 2 0 1 2 3 2 2 2 1 2 2 1 0 0 0 0 1 0 0 0 2 2 0 4 1 0 2 2 0 0 0 2 1 1 1 0 2 0 2 0 0 1 0 0 0 2 0 0 0 0 1 3 1 0 1 2 3 3 2 0 2 3 1 1 0 0 0 2 1 3 1 0 1 0 1 3 1 0 1 2 1 4 0 0 1 2 2 3 1 0 0 1 1 0 0 0 2 1 1 1 1 0 2 1 0 1 4 1 4 0 1 0 2 3 1 1 1 0 3 0 0 0 1 1 0 1 0 0 1 1 2 3 0 1 1 0 0 0 0 0 0 0 2 2 2

415
1 2 2 1 0 2 0 0 0 0 1 2 3 0 0 0 0 1 1 1 0 1 0 0 0 3 0 1 0 1 0 1 0 1 0 3 1 0 2 1 1 1 0 3 2 1 0 0 1 1 3 3 0 1 0 1 2 5 3 0 2 0 0 1 0 1 1 0 1 1 0 0 1 0 1 1 0 1 2 0 0 3 0 3 0 1 0 1 0 3 1 2 1 2 0 3 0 2 0 2 0 1 0 3 0 1 2 1 0 2 3 0 2 0 1 0 2 0 1 3 3 0 0 0 0 0 1 0 1 0 1 0 0 2 1 1 2 2 2 1 4 0 2 0 0 0 1 0 0 0 3 0 1 0 0 0 2 0 0 1 1 0 0 1 0 3 0 0 0 2 1 1 0 1 1 1 1 4 0 1 1 2 1 0 1 0 1 0 1 0 2 2 0 0 1 2 2 0 0 2 1 1 1 2 2 0 0 1 0 1 1 2 1 1 3 2 2 2 1 1 1 2 0 1 0 1 0 0 1 0 0 4 2 2 3 0 0 2 1 2 1 2 1 0 0 1 0 0 0 0 1 0 0 0 2 0 2 0 1 4 0 1 2 2 1 0 1 1 1 1 0 2 2 1 2 0 1 1 2 0 0 1 2 2 3 2 3 3 1 1 1 1 0 1 1 1 1 2 0 1 0 2 2 0 1 0 3 3 0 0 0 1 3 1 1 0 2 0 1 2 2 2 0 1 0 0 2 2 0 0 1 0 2 1 4 0 0 2 0 0 0 0 2 0 2 1 1 0 0 1 1 3 0 0 3 0 2 0 3 0 0 2 1 1 0 1 1 1 2 2 0 2 1 0 0 1 0 2 1 0 0 1 5 0 5 2 2 3 0 1 0 0 1 1 0 2 0 2 1 1 1 0 1 0 1 1 2 1 1 1 1 2 1 1 0

376
3 1 1 1 0 1 1 2 0 0 0 1 2 4 1 0 0 0 1 1 0 0 0 0 2 2 0 0 2 0 3 0 1 0 0 2 0 2 0 3 0 0 2 0 4 1 1 1 1 0 0 2 0 0 2 2 1 3 0 1 1 1 0 0 1 0 0 2 2 1 1 1 0 0 1 0 1 1 1 1 2 1 2 0 0 1 1 1 1 0 1 0 1 1 0 1 0 1 0 1 0 0 0 1 0 2 2 0 0 0 0 0 2 1 1 0 1 1 0 0 0 2 0 1 1 1 1 1 1 2 2 2 0 1 0 0 3 2 0 2 1 1 1 0 1 0 3 0 2 0 2 1 1 0 2 2 2 1 0 0 0 3 1 1 0 1 1 3 1 1 0 1 1 0 0 1 2 0 1 1 1 2 0 1 1 1 0 2 2 1 2 0 1 3 0 0 1 0 1 0 1 0 1 1 1 1 0 2 2 0 1 0 0 2 0 0 2 0 0 2 2 2 1 1 1 0 1 1 2 1 1 4 2 2 6 0 1 2 1 1 3 1 1 1 0 1 1 0 0 2 3 0 1 1 0 2 0 2 0 5 1 0 0 1 2 1 1 3 0 4 0 0 1 1 3 0 1 1 2 1 2 1 2 0 3 0 1 0 5 0 3 2 1 1 1 2 0 0 0 1 2 1 3 1 0 1 2 2 0 2 2 1 1 1 2 4 0 0 1 2 1 3 0 3 0 3 3 1 0 1 0 0 0 1 0 1 0 0 1 1 2 2 1 1 1 4 0 0 2 2 1 0 0 2 1 1 0 1 0 2 1 1 0 1 0 1 0 0 0 1 0 0 0 1 1 0

349
1 0 1 0 1 3 1 4 1 0 0 0 2 0 3 1 1 1 0 0 0 0 0 0 0 4 3 1 0 2 1 0 3 2 0 3 0 1 1 3 1 0 3 0 1 0 0 0 1 0 2 2 0 1 1 1 1 2 0 1 1 1 0 0 1 0 1 0 2 1 1 1 1 0 2 1 0 2 1 0 0 1 2 1 2 0 0 4 2 1 0 2 2 2 1 1 1 2 0 1 1 0 0 0 3 2 3 1 1 0 2 1 1 3 3 1 0 2 1 1 1 0 2 0 0 1 1 0 1 0 1 1 0 4 0 1 0 1 1 0 1 0 0 1 1 3 1 0 0 2 1 0 4 0 2 2 1 1 2 0 0 1 2 0 0 0 1 2 0 0 1 0 0 1 0 1 1 1 1 2 0 3 1 2 1 0 3 2 1 4 0 0 1 0 1 1 0 2 1 0 0 0 1 2 2 0 1 2 0 2 1 2 0 1 2 1 4 1 0 0 1 1 0 0 2 0 2 0 3 2 0 0 2 2 1 1 0 1 0 0 0 0 0 0 1 1 2 2 1 1 1 0 1 2 1 2 1 0 0 3 1 0 1 0 0 0 1 0 2 2 0 1 0 2 0 1 1 0 3 1 0 0 0 3 2 1 2 1 1 1 4 1 2 0 0 3 3 1 1 0 1 0 2 3 1 1 0 1 2 1 0 0 2 0 0 1 1 0 1 0 1 0 1 3 0 0 0 2 1 0 2 3 2 0 0 1 0 0 2 2 1 2 1 1 2 0 1 1 0

960
1 0 3 0 0 2 0 0 2 0 0 1 0 1 1 0 2 0 0 0 1 3 0 3 1 0 0 1 0 1 1 0 1 1 0 2 1 0 1 3 0 2 1 2 1 2 0 3 0 2 0 0 2 2 0 1 2 0 1 1 3 0 2 1 3 1 2 2 3 0 0 1 2 0 3 2 1 2 0 1 0 0 1 1 1 0 0 0 1 1 0 1 0 0 1 0 2 1 0 0 1 1 1 1 0 1 2 2 2 3 3 0 0 0 0 0 1 2 1 1 1 1 0 1 0 0 0 0 0 0 1 0 1 2 1 0 2 0 1 0 2 3 3 0 0 1 0 3 1 0 0 1 1 0 0 1 1 0 2 3 1 2 3 0 1 1 1 0 1 0 1 1 1 3 0 1 3 3 1 1 1 0 2 0 1 1 1 2 0 1 1 2 1 0 1 2 1 2 1 0 2 2 0 1 1 1 1 1 0 0 1 1 1 0 2 2 1 1 0 0 2 1 0 4 2 0 0 4 0 3 0 0 0 2 3 0 2 0 2 0 0 0 1 3 1 1 2 0 3 0 1 0 0 0 0 2 0 5 2 0 4 2 2 2 2 0 1 3 0 1 0 1 2 1 1 0 1 0 0 0 1 0 3 0 0 0 2 0 1 2 1 0 0 1 0 1 1 0 0 0 0 1 0 1 0 1 1 1 1 0 0 1 1 0 1 0 0 1 0 1 1 0 0 1 2 0 1 1 1 0 1 2 0 1 1 1 0 1 1 1 1 1 2 1 1 1 1 1 0 1 2 0 3 2 1 2 1 1 3 1 0 0 0 0 1 1 0 0 0 1 2 1 0 0 2 0 0 0 1 0 2 0 2 2 0 1 0 2 1 0 1 0 0 0 2 0 1 0 1 2 2 0 1 1 0 1 1 0 0 1 1 1 0 0 1 1 0 0 0 0 0 0 0 2 1 0 1 1 2 0 1 3 2 2 3 0 1 3 1 0 2 3 1 1 0 0 2 2 1 1 1 2 1 2 1 1 2 2 1 4 1 1 1 1 2 1 2 1 3 1 2 1 1 1 1 2 1 2 1 0 3 2 6 1 2 1 0 0 0 0 3 0 0 0 1 3 2 1 1 1 1 2 1 1 1 3 1 3 1 0 1 1 0 3 1 1 0 0 1 3 1 1 1 4 5 2 3 2 1 0 0 1 0 1 0 2 1 0 1 1 1 3 2 2 1 0 0 1 1 0 1 2 1 2 1 2 0 1 1 0 5 1 1 3 1 2 2 0 0 0 0 3 4 1 0 1 3 0 2 0 1 4 1 0 0 1 1 1 0 0 2 2 0 1 0 1 0 0 4 1 2 0 2 0 2 1 0 1 1 2 0 3 1 0 1 0 0 3 2 0 2 0 3 1 1 2 1 0 2 2 1 1 0 2 0 0 1 2 0 3 3 2 0 3 0 1 1 0 3 0 1 1 0 2 3 0 0 0 2 1 2 1 0 1 0 0 1 2 2 1 2 1 0 1 1 0 1 5 0 1 1 0 0 0 1 1 1 0 0 0 1 3 0 1 0 2 1 0 0 0 1 1 0 3 0 1 0 0 1 0 0 0 0 2 1 0 1 0 1 1 3 1 2 0 0 0 1 2 2 2 1 1 0 0 1 1 0 2 0 1 1 1 1 2 0 2 1 1 1 1 0 0 0 0 0 1 0 0 1 3 0 2 0 0 1 1 2 1 3 0 3 0 1 0 3 1 0 1 0 3 1 0 0 0 1 1 2 1 1 1 0 1 2 0 2 1 1 1 5 1 0 1 1 0 0 1 1 2 2 3 2 1 2 0 1 1 1 1 0 2 2 0 0 1 0 0 3 1 0 1 2 1 1 0 2 1 0 3 0 1 4 0 0 0 1 0 1 0 2 1 2 1 1 0 2 0 0 1 0 3 0 2 1 0 0 0 1 2 0 0 1 2 3 0 1 2 1 0 0 0 1 2 0 1 0 1 0 0 1 0 2 0 2 1 1 0 2 2 1 0 0 0 1 1 1 1 0 3 0 1 1 0 3 2 0 0 1 1 1 2 0 0 2 1 0 0 0 1 0 2 0 1 2 3 0 6 2 0 0 1 0 1 0 1 0 2 1 1 1 2 2 1 0 0 1 0 2 2 2 0
