13

84
1 1 1 1 1 1 1 1 1 1 1 1 1 1 1 1 1 1 1 1 1 1 1 1 1 1 1 1 1 1 1 1 1 1 1 1 1 1 1 1 1 1 1 1 1 1 1 1 1 1 1 1 1 1 1 1 1 1 1 1 1 1 1 1 1 1 1 1 1 1 1 1 1 1 1 1 1 1 1 1 1 1 1 1

609
1 1 1 1 1 1 1 1 1 1 1 1 1 1 1 1 1 1 1 1 1 1 1 1 1 1 1 1 1 1 1 1 1 1 1 1 1 1 1 1 1 1 1 1 1 1 1 1 1 1 1 1 1 1 1 1 1 1 1 1 1 1 1 1 1 1 1 1 1 1 1 1 1 1 1 1 1 1 1 1 1 1 1 1 1 1 1 1 1 1 1 1 1 1 1 1 1 1 1 1 1 1 1 1 1 1 1 1 1 1 1 1 1 1 1 1 1 1 1 1 1 1 1 1 1 1 1 1 1 1 1 1 1 1 1 1 1 1 1 1 1 1 1 1 1 1 1 1 1 1 1 1 1 1 1 1 1 1 1 1 1 1 1 1 1 1 1 1 1 1 1 1 1 1 1 1 1 1 1 1 1 1 1 1 1 1 1 1 1 1 1 1 1 1 1 1 1 1 1 1 1 1 1 1 1 1 1 1 1 1 1 1 1 1 1 1 1 1 1 1 1 1 1 1 1 1 1 1 1 1 1 1 1 1 1 1 1 1 1 1 1 1 1 1 1 1 1 1 1 1 1 1 1 1 1 1 1 1 1 1 1 1 1 1 1 1 1 1 1 1 1 1 1 1 1 1 1 1 1 1 1 1 1 1 1 1 1 1 1 1 1 1 1 1 1 1 1 1 1 1 1 1 1 1 1 1 1 1 1 1 1 1 1 1 1 1 1 1 1 1 1 1 1 1 1 1 1 1 1 1 1 1 1 1 1 1 1 1 1 1 1 1 1 1 1 1 1 1 1 1 1 1 1 1 1 1 1 1 1 1 1 1 1 1 1 1 1 1 1 1 1 1 1 1 1 1 1 1 1 1 1 1 1 1 1 1 1 1 1 1 1 1 1 1 1 1 1 1 1 1 1 1 1 1 1 1 1 1 1 1 1 1 1 1 1 1 1 1 1 1 1 1 1 1 1 1 1 1 1 1 1 1 1 1 1 1 1 1 1 1 1 1 1 1 1 1 1 1 1 1 1 1 1 1 1 1 1 1 1 1 1 1 1 1 1 1 1 1 1 1 1 1 1 1 1 1 1 1 1 1 1 1 1 1 1 1 1 1 1 1 1 1 1 1 1 1 1 1 1 1 1 1 1 1 1 1 1 1 1 1 1 1 1 1 1 1 1 1 1 1 1 1 1 1 1 1 1 1 1 1 1 1 1 1 1 1 1 1 1 1 1 1 1 1 1 1 1 1 1 1 1 1 1 1 1 1 1 1 1 1 1 1 1 1 1 1 1 1 1 1 1 1 1 1 1 1 1 1 1 1 1 1 1 1 1 1 1 1 1 1 1 1 1 1 1 1 1 1 1 1 1 1 1 1 1 1 1 1 1

13
0 0 0 12 0 0 0 0 1 0 0 0 0

292
0 0 0 0 0 0 0 0 0 0 0 0 0 0 0 0 0 0 0 0 0 0 0 0 0 0 0 0 0 0 0 0 0 0 0 0 0 0 0 0 0 0 0 0 0 0 0 0 0 0 0 0 0 0 0 0 0 0 0 0 0 0 0 0 0 0 0 0 0 0 0 0 0 0 0 0 0 0 0 0 0 0 0 0 0 0 0 0 0 0 0 0 0 0 0 0 0 0 0 0 0 0 0 0 0 0 0 0 0 0 0 0 0 0 0 0 0 0 0 0 0 0 0 0 0 0 0 0 0 0 0 0 0 0 0 0 0 0 0 0 0 0 0 0 0 0 0 0 0 0 0 0 0 0 0 0 0 0 0 0 0 0 0 0 0 0 0 0 0 1 0 0 0 0 0 0 0 0 0 0 0 0 0 0 0 0 0 0 0 291 0 0 0 0 0 0 0 0 0 0 0 0 0 0 0 0 0 0 0 0 0 0 0 0 0 0 0 0 0 0 0 0 0 0 0 0 0 0 0 0 0 0 0 0 0 0 0 0 0 0 0 0 0 0 0 0 0 0 0 0 0 0 0 0 0 0 0 0 0 0 0 0 0 0 0 0 0 0 0 0 0 0 0 0 0 0 0 0 0 0 0 0 0 0 0 0 0 0 0 0 0 0

3
1 2 0

3
0 2 1

73
1 2 1 1 1 2 2 1 2 3 1 0 1 1 0 0 0 1 2 1 0 1 1 0 2 1 1 1 1 1 2 0 4 1 3 0 0 0 1 0 1 1 1 2 0 0 1 1 0 1 0 1 1 1 1 2 0 0 0 0 1 0 0 1 2 0 2 0 4 3 1 1 1

73
2 0 2 2 1 3 3 1 0 1 0 1 0 1 0 1 1 1 1 2 1 1 1 1 1 1 1 0 0 0 2 0 0 1 1 1 1 1 0 1 2 1 0 0 1 2 3 1 1 0 0 4 1 3 1 0 0 0 0 3 2 0 0 2 0 0 2 1 0 1 1 1 2

250
1 0 5 0 0 3 1 3 2 0 0 0 0 0 2 1 0 1 0 2 1 0 2 0 4 2 1 1 0 1 0 2 2 1 0 1 3 0 0 0 3 0 1 1 0 0 2 1 0 2 0 1 1 0 1 1 1 1 2 0 1 1 2 0 3 4 2 0 1 1 1 2 0 0 2 1 0 1 0 0 0 2 0 0 1 0 0 2 2 1 1 1 1 1 0 1 0 2 3 3 2 4 0 1 0 1 0 1 1 2 2 1 0 0 1 1 2 0 1 1 0 0 0 0 0 0 1 1 2 1 2 0 0 1 1 0 0 1 1 1 0 1 1 2 4 1 0 2 1 2 1 0 1 2 0 1 1 0 0 2 1 0 0 1 0 0 1 1 2 0 2 1 0 0 0 0 1 2 0 3 0 0 1 1 1 0 0 1 0 1 0 3 1 0 0 3 1 3 2 0 0 2 0 2 0 3 2 3 0 3 3 0 1 1 0 1 3 0 2 0 1 1 3 1 2 0 1 1 2 3 1 0 0 0 0 0 1 1 2 0 0 2 3 2 0 2 1 1 1 1

464
2 0 3 2 1 1 1 1 0 0 1 0 0 0 1 0 1 0 0 2 0 1 0 1 2 0 1 0 1 2 1 1 1 0 0 2 2 3 1 1 1 1 1 2 0 0 1 1 1 1 0 1 0 2 2 0 2 1 0 0 0 3 1 3 0 0 0 0 0 1 0 0 3 1 2 2 1 0 1 2 1 0 0 0 1 0 0 2 0 0 3 1 1 0 1 2 0 1 1 1 0 0 0 1 0 0 0 0 0 0 3 0 0 0 1 0 0 2 0 0 0 1 3 0 2 0 0 1 4 1 5 1 0 0 2 0 1 0 2 0 2 1 1 1 2 4 0 0 1 3 0 1 1 2 3 0 3 1 0 1 1 0 1 1 3 2 1 0 2 6 2 1 0 0 1 0 1 0 1 1 1 1 1 1 1 1 0 0 1 0 1 2 0 1 0 0 0 0 3 2 1 2 0 2 1 1 0 2 1 4 1 1 1 2 3 0 4 4 0 1 1 0 2 1 1 0 3 2 1 1 1 1 0 1 0 2 0 0 2 0 2 0 1 1 2 1 2 2 0 0 0 2 4 0 2 1 1 3 1 0 3 0 2 0 0 2 0 1 2 2 0 0 1 0 1 1 0 1 2 2 2 0 0 0 4 2 1 2 1 2 1 2 1 0 1 0 0 4 0 1 1 2 1 1 1 2 1 1 1 1 0 1 1 0 1 1 0 1 1 1 2 0 2 0 1 0 0 1 1 0 1 2 1 2 1 0 2 3 2 2 1 0 1 1 0 0 2 3 2 1 0 1 1 2 2 1 3 0 0 0 2 0 0 0 2 1 0 1 1 1 0 2 1 0 0 0 1 2 1 0 0 0 3 0 1 0 1 2 4 1 1 0 1 1 1 0 0 2 2 0 1 0 0 0 1 2 1 1 1 3 1 1 0 2 2 1 0 0 0 1 1 1 3 1 1 0 1 0 1 0 1 1 1 2 1 1 2 0 0 2 0 3 1 3 0 1 0 1 0 0 0 1 3 1 0 1 3 0 1 2 2 0 1 0

989
0 1 0 2 1 0 2 1 2 0 1 1 4 0 2 2 1 3 2 2 1 2 1 2 0 2 0 1 1 0 0 3 0 1 0 2 1 0 1 2 1 2 3 1 0 0 2 1 2 0 2 1 2 1 0 1 1 0 4 2 0 0 1 1 2 0 1 2 1 1 1 3 2 1 2 1 0 3 0 0 1 1 1 2 3 1 1 2 2 0 2 1 0 2 0 0 0 1 1 3 2 1 1 3 2 0 2 1 1 1 2 1 1 2 1 0 2 2 2 0 2 2 3 2 0 1 2 0 1 1 2 2 0 2 3 0 0 1 0 1 2 1 4 0 3 3 4 0 1 0 0 1 0 1 1 2 1 0 0 0 1 0 0 3 2 0 2 2 3 0 0 2 0 1 2 1 1 2 0 0 1 0 0 0 1 0 0 2 0 0 1 0 2 2 3 0 3 1 1 0 1 0 1 1 3 1 0 2 0 0 2 3 0 0 2 1 1 4 1 0 1 0 0 0 2 0 0 2 0 0 2 1 0 1 0 0 1 1 0 0 1 1 1 0 0 2 1 0 0 0 1 0 1 1 1 0 0 0 1 3 2 0 0 2 0 1 0 1 2 0 0 1 2 3 0 1 0 1 2 4 1 0 0 1 2 0 1 1 2 1 2 1 0 1 0 1 2 1 0 1 1 0 0 2 0 1 0 1 0 0 1 0 0 1 1 1 1 1 0 0 0 0 2 0 0 0 1 2 0 1 0 1 1 0 0 0 1 2 0 1 0 1 1 1 1 0 0 0 1 0 2 0 1 1 0 0 1 1 2 0 1 0 1 0 0 0 1 0 2 1 2 1 0 2 0 0 2 2 2 3 0 0 2 1 1 1 1 1 2 2 0 0 0 3 0 0 0 1 0 0 0 2 0 1 3 1 1 1 0 3 0 2 3 0 0 2 1 2 1 1 1 1 2 1 2 4 0 1 1 2 1 1 1 0 1 0 1 1 0 2 0 0 0 0 0 1 1 1 3 2 0 3 0 0 2 2 1 0 1 3 1 1 1 2 1 2 0 0 2 0 0 1 2 0 1 0 0 3 1 1 0 0 3 1 1 1 0 0 1 0 0 2 3 1 2 0 1 2 2 1 0 1 0 1 1 1 1 3 0 1 0 0 1 2 1 2 0 0 1 0 1 0 2 1 1 0 2 1 0 0 1 0 3 2 1 2 0 2 1 0 5 1 1 1 5 1 0 0 0 2 1 1 2 1 0 0 1 0 0 0 0 1 0 1 1 0 0 0 1 1 2 2 2 0 0 1 0 1 2 1 1 3 0 1 3 1 1 2 1 2 3 1 1 0 0 0 0 0 3 0 1 1 0 0 0 1 1 0 2 1 2 0 1 3 0 1 0 2 1 1 0 0 1 1 0 2 0 0 2 0 0 2 0 1 1 2 3 1 0 0 1 2 0 2 2 1 1 2 0 1 1 1 1 3 1 1 1 2 1 0 1 0 0 1 0 0 0 0 1 0 0 3 2 0 1 1 0 0 1 1 2 1 2 1 1 1 0 1 2 0 1 2 1 1 0 1 0 1 2 3 0 2 1 0 2 0 1 1 1 2 1 0 0 4 1 1 1 1 0 1 1 1 1 3 1 0 0 1 1 1 2 2 1 1 1 2 0 1 1 1 0 0 0 0 2 3 2 1 1 0 2 3 0 3 2 0 0 3 2 0 1 1 3 3 1 0 0 3 3 0 3 0 2 0 0 4 2 1 0 0 0 0 0 0 1 2 4 1 0 1 2 0 0 2 0 2 2 1 1 1 0 1 0 0 3 0 3 1 2 2 0 2 1 0 1 2 0 1 1 0 0 3 3 1 2 3 2 2 1 2 1 2 0 2 2 0 3 1 2 2 0 0 1 1 1 2 2 0 2 1 1 0 1 0 3 5 1 0 1 0 2 1 1 0 1 0 0 3 0 0 1 0 0 0 3 0 0 1 1 2 3 2 3 1 1 0 0 0 0 0 0 0 0 0 2 0 2 1 4 1 0 2 0 1 1 0 3 0 1 2 1 2 1 0 0 1 0 3 0 0 2 1 2 0 0 0 0 0 0 2 0 0 1 2 2 0 2 1 0 2 0 0 1 1 1 2 1 2 0 1 1 1 2 2 0 1 1 0 0 0 2 0 1 1 0 1 1 2 2 0 1 1 0 0 2 0 1 0 0 0 1 1 1 0 0 0 0 2 2

783
1 1 2 3 2 2 2 0 1 3 1 1 2 0 2 1 2 0 0 3 1 0 3 0 0 1 0 2 1 2 1 0 0 1 3 1 1 0 1 2 0 0 0 1 1 1 1 1 1 1 1 1 0 1 2 1 1 0 2 0 2 0 2 0 2 1 1 4 1 0 3 0 0 1 0 0 1 1 1 2 1 2 0 1 1 0 3 1 2 0 0 0 1 0 1 1 0 0 0 2 1 0 5 3 3 2 0 1 2 3 0 1 2 0 0 0 1 0 1 2 1 1 0 0 0 0 0 1 2 0 1 1 3 1 1 2 0 2 0 0 1 0 0 0 3 1 4 1 4 1 2 0 1 0 0 1 1 1 1 0 0 0 1 1 0 1 1 0 1 0 4 2 1 1 0 1 1 1 1 1 1 2 2 2 0 1 1 0 0 0 2 1 1 1 1 1 1 3 1 0 2 1 2 1 3 1 0 2 1 0 1 1 0 0 2 0 2 0 2 0 0 0 0 0 3 0 0 1 0 0 3 0 0 0 0 1 1 0 3 1 0 3 0 1 1 3 2 0 0 0 0 0 0 2 0 0 1 0 2 0 0 1 2 1 2 0 0 2 1 1 2 0 1 1 2 2 1 2 0 1 1 3 0 0 1 2 0 0 1 1 2 2 0 1 3 0 1 1 1 1 3 2 1 1 1 1 1 0 0 1 1 0 0 2 0 0 0 1 1 2 1 0 1 0 0 0 0 0 0 0 1 0 1 0 0 1 1 2 2 0 0 2 1 0 1 0 1 1 0 0 0 0 2 5 0 0 0 3 3 0 1 1 2 0 2 4 0 0 0 1 0 2 4 3 0 1 0 2 1 2 0 2 0 1 1 2 0 1 0 1 0 0 2 1 2 0 0 1 1 1 2 0 0 1 1 0 0 2 0 1 0 3 3 1 1 2 2 0 2 1 1 0 2 1 1 0 1 0 0 0 1 1 0 0 1 2 1 1 2 1 1 0 0 1 0 0 0 0 0 1 0 2 1 0 2 2 0 0 1 0 0 2 0 3 2 2 1 2 0 0 2 1 0 0 0 0 0 4 0 2 1 2 3 2 0 0 0 1 1 1 2 3 0 0 0 0 1 0 2 1 2 2 1 2 0 2 1 3 0 1 2 0 1 3 1 0 0 3 0 2 0 2 0 3 2 2 3 0 3 1 0 4 1 3 0 2 2 3 0 5 2 0 1 2 0 1 0 0 3 2 1 3 2 1 1 2 2 1 1 0 0 0 2 3 0 0 1 1 0 2 2 1 0 2 2 3 0 1 2 0 2 0 0 0 1 0 0 0 2 3 2 0 1 2 1 1 3 0 2 1 2 0 3 1 1 0 1 1 0 1 2 3 1 1 2 0 0 1 1 1 0 2 0 2 1 0 2 0 0 2 0 1 1 0 1 1 1 0 1 0 2 1 1 4 1 0 0 1 0 0 0 1 1 3 4 1 0 2 0 1 0 2 0 1 0 2 0 0 1 0 1 0 2 1 1 0 0 1 1 3 0 3 0 1 1 0 1 1 0 0 0 0 3 0 1 1 0 2 0 2 0 3 0 0 2 1 1 1 1 2 1 0 0 0 0 2 1 0 1 1 0 0 3 1 1 2 1 1 2 0 2 0 1 2 0 1 1 3 1 2 1 0 0 2 1 3 0 2 0 0 2 2 0 3 1 1 0 0 1 0 1 1 2 2 1 0 0 2 1 2 0 1 0 3 2 1 2 0 0 2 0 0 0

452
3 2 0 2 0 1 0 0 1 0 1 1 1 0 0 2 1 0 1 0 1 2 0 1 0 2 2 0 0 0 1 1 2 1 1 2 1 0 0 0 0 3 2 2 2 0 3 2 1 0 0 0 1 4 1 0 1 2 1 0 2 0 0 1 0 0 2 2 2 0 2 1 1 0 3 1 1 1 2 1 1 3 1 2 1 0 0 1 1 3 1 1 2 0 0 2 1 0 1 0 1 0 0 1 0 1 2 1 0 1 1 0 0 1 0 1 1 0 1 0 1 1 1 1 1 1 2 0 1 3 2 1 2 1 1 1 3 2 2 0 0 1 0 3 2 0 0 1 2 2 1 2 2 0 1 0 0 1 1 2 0 1 2 0 0 1 0 1 1 1 1 0 1 3 1 4 0 1 1 0 2 1 0 2 2 0 0 5 0 0 0 2 1 1 1 1 1 3 1 2 0 2 1 1 1 0 3 4 1 4 0 1 1 0 1 1 0 1 2 0 2 0 2 1 1 0 1 0 0 1 0 1 0 0 3 0 2 0 1 1 0 0 0 1 0 1 1 0 1 1 1 2 1 2 2 0 0 4 4 3 2 1 1 1 0 0 0 0 0 1 2 1 1 0 0 0 1 0 1 2 3 0 0 0 0 0 1 0 0 0 1 0 2 1 1 0 0 0 2 0 2 1 0 0 0 1 1 2 0 2 1 1 0 1 3 2 3 2 0 1 0 0 1 2 0 1 1 0 0 4 1 1 1 2 1 1 0 3 1 1 1 1 0 1 0 0 2 1 2 0 0 0 2 1 1 0 0 0 2 1 0 0 1 1 1 1 0 2 1 0 0 1 2 1 1 1 2 2 1 3 1 1 2 0 0 0 2 5 1 0 1 3 0 1 3 2 2 3 1 1 0 1 0 2 2 1 1 2 1 1 0 1 1 3 0 3 3 1 1 1 0 0 3 0 0 2 0 0 1 1 0 0 2 1 1 0 0 0 3 2 1 0 1 0 0 0 1 1 1 3 0 0
